-0.000000 0.185142 5.739644
0.195090 0.185142 5.720429
0.555570 0.185142 5.571113
0.923880 0.185142 5.122327
0.653281 0.414595 4.032537
0.768178 0.471050 4.184073
0.853553 0.538696 4.356960
0.906127 0.560472 4.544553
0.923880 0.567826 4.739644
0.906127 0.560472 4.934734
0.853553 0.538696 5.122327
0.768178 0.503332 5.295214
0.653281 0.455740 5.446750
0.513280 0.397750 5.571113
0.353553 0.331589 5.663523
0.180240 0.259800 5.720429
0.137950 0.323092 5.720429
0.270598 0.455740 5.663523
0.392847 0.577990 5.571113
0.500000 0.685142 5.446750
0.587938 0.773080 5.295214
0.653281 0.838424 5.122327
0.693520 0.878662 4.934734
0.707107 0.855896 4.739644
0.693520 0.818504 4.544553
0.653281 0.746341 4.356960
0.587938 0.676073 4.184073
0.500000 0.617961 4.032537
0.270598 0.735188 4.032537
0.318190 0.803026 4.184073
0.353553 0.876709 4.356960
0.375330 0.956908 4.544553
0.382683 1.011190 4.739644
0.375330 1.057113 4.934734
0.353553 1.038696 5.122327
0.318190 0.953320 5.295214
0.270598 0.838424 5.446750
0.212608 0.698422 5.571113
0.146447 0.538696 5.663523
0.074658 0.365382 5.720429
-0.000000 0.380232 5.720429
-0.000000 0.567826 5.663523
-0.000000 0.740712 5.571113
-0.000000 0.892249 5.446750
-0.000000 1.016612 5.295214
-0.000000 1.109022 5.122327
-0.000000 1.131770 4.934734
-0.000000 1.087321 4.739644
-0.000000 1.031566 4.544553
-0.000000 0.946671 4.356960
-0.000000 0.866378 4.184073
-0.000000 0.790911 4.032537
-0.270598 0.735188 4.032537
-0.318190 0.803026 4.184073
-0.353553 0.876709 4.356960
-0.375330 0.956908 4.544553
-0.382683 1.011190 4.739644
-0.375330 1.057112 4.934734
-0.353553 1.038696 5.122327
-0.318190 0.953320 5.295214
-0.270598 0.838423 5.446750
-0.212608 0.698422 5.571113
-0.146447 0.538696 5.663523
-0.074658 0.365382 5.720429
-0.137950 0.323092 5.720429
-0.270598 0.455740 5.663523
-0.392847 0.577990 5.571113
-0.500000 0.685142 5.446750
-0.587938 0.773080 5.295214
-0.653281 0.838424 5.122327
-0.693520 0.878662 4.934734
-0.707107 0.855896 4.739644
-0.693520 0.818504 4.544553
-0.653281 0.746341 4.356960
-0.587938 0.676073 4.184073
-0.500000 0.617961 4.032537
-0.653281 0.414595 4.032537
-0.768178 0.471050 4.184073
-0.853553 0.538696 4.356960
-0.906127 0.560472 4.544553
-0.923879 0.567825 4.739644
-0.906127 0.560472 4.934734
-0.853553 0.538696 5.122327
-0.768178 0.503332 5.295214
-0.653281 0.455740 5.446750
-0.513280 0.397750 5.571113
-0.353553 0.331589 5.663523
-0.180240 0.259800 5.720429
-0.195090 0.185142 5.720429
-0.382683 0.185142 5.663523
-0.555570 0.185142 5.571113
-0.707107 0.185142 5.446750
-0.831469 0.185142 5.295214
-0.923880 0.185142 5.122327
-0.980785 0.185142 4.934734
-1.000000 0.185142 4.739644
-0.980785 0.185142 4.544553
-0.923880 0.185142 4.356960
-0.831469 0.180877 4.158909
-0.707107 0.166315 3.921456
-0.653281 -0.125612 3.795614
-0.768178 -0.169751 3.967524
-0.853553 -0.197405 4.185896
-0.906127 -0.203721 4.464708
-0.923879 -0.197541 4.739644
-0.906127 -0.190188 4.934734
-0.853553 -0.168411 5.122327
-0.768178 -0.133047 5.295214
-0.653281 -0.085456 5.446750
-0.513280 -0.027465 5.571113
-0.353553 0.038696 5.663523
-0.180240 0.110484 5.720429
-0.137950 0.047192 5.720429
-0.270598 -0.085456 5.663523
-0.392847 -0.207705 5.571113
-0.500000 -0.314858 5.446750
-0.587938 -0.402796 5.295214
-0.653281 -0.468139 5.122327
-0.693520 -0.492086 4.934734
-0.707107 -0.503689 4.677080
-0.693520 -0.509783 4.358795
-0.653281 -0.492770 4.104507
-0.587938 -0.453316 3.886001
-0.500000 -0.368483 3.716146
-0.270598 -0.532043 3.655507
-0.318190 -0.621701 3.852495
-0.353553 -0.666931 4.076845
-0.375330 -0.690064 4.330621
-0.382683 -0.690516 4.627783
-0.375330 -0.672069 4.934734
-0.353553 -0.651213 5.122327
-0.318190 -0.583035 5.295214
-0.270598 -0.468139 5.446750
-0.212608 -0.328138 5.571113
-0.146447 -0.168411 5.663523
-0.074658 0.004902 5.720429
0.000000 -0.009948 5.720429
0.000000 -0.197541 5.663523
0.000000 -0.370428 5.571113
0.000000 -0.521964 5.446750
0.000000 -0.646327 5.295214
0.000000 -0.721659 5.122327
0.000000 -0.746732 4.934734
0.000000 -0.766513 4.628509
0.000000 -0.764658 4.330997
0.000000 -0.737246 4.077185
0.000000 -0.685382 3.852889
0.000000 -0.585868 3.655507
0.270598 -0.532042 3.655507
0.318190 -0.621701 3.852495
0.353553 -0.666931 4.076845
0.375330 -0.690064 4.330621
0.382683 -0.690516 4.627783
0.375330 -0.672069 4.934734
0.353553 -0.651213 5.122327
0.318190 -0.583035 5.295214
0.270598 -0.468139 5.446750
0.212608 -0.328138 5.571113
0.146447 -0.168411 5.663523
0.074658 0.004902 5.720429
0.137950 0.047193 5.720429
0.270598 -0.085456 5.663523
0.392847 -0.207705 5.571113
0.500000 -0.314858 5.446750
0.587938 -0.402795 5.295214
0.653281 -0.468139 5.122327
0.693520 -0.492086 4.934734
0.707107 -0.503689 4.677080
0.693520 -0.509783 4.358795
0.653281 -0.492770 4.104507
0.587938 -0.453316 3.886001
0.500000 -0.368483 3.716146
0.653281 -0.125612 3.795614
0.768178 -0.169751 3.967524
0.853553 -0.197405 4.185896
0.906127 -0.203721 4.464708
0.923879 -0.197541 4.739644
0.906127 -0.190188 4.934734
0.853553 -0.168411 5.122327
0.768178 -0.133047 5.295214
0.653281 -0.085456 5.446750
0.513280 -0.027465 5.571113
0.353553 0.038696 5.663523
0.180240 0.110484 5.720429
0.382683 0.185142 5.663523
0.707106 0.185142 5.446750
0.831469 0.185142 5.295214
0.980785 0.185142 4.934734
0.999999 0.185142 4.739644
0.980785 0.185142 4.544553
0.923880 0.185142 4.356960
0.831469 0.180877 4.158909
0.707106 0.166315 3.921456
0.000000 0.869151 2.036763
0.000000 -0.608823 2.036763
1.663725 -0.608823 2.036763
1.663724 0.869152 2.036763
-0.000000 0.657219 3.246015
1.663725 -0.340100 3.380376
1.663725 0.600429 3.380376
1.663725 -0.340100 3.380376
1.544794 -0.657441 1.334077
0.000000 -0.657441 1.334077
1.544793 0.869152 1.364957
1.544794 -0.657441 1.334077
0.000000 0.869151 1.364957
0.000000 0.869151 0.693150
0.000000 -0.657441 0.662271
1.584437 -0.657441 0.646263
1.584437 0.869152 0.677142
1.584437 -0.657441 0.646263
1.663725 -0.535347 -0.010673
0.000000 -0.535347 -0.010673
1.663724 1.070694 0.021344
1.663725 -0.535347 -0.010673
0.000000 1.070693 0.021344
2.079656 -0.277398 3.313196
2.079656 0.475025 3.313196
2.079656 -0.277398 3.313196
2.412401 -0.113505 2.858939
2.412401 -0.113505 2.858939
2.412401 0.531430 2.858939
1.732552 -0.020549 1.889573
1.732552 0.735399 1.889573
2.508760 -0.081489 1.939787
2.508760 -0.081489 1.939787
2.508760 0.563446 1.939787
2.629133 0.529407 0.559274
2.629133 -0.051033 0.559274
2.629133 -0.051033 0.559274
1.930546 0.684165 0.514081
1.930546 0.003812 0.514081
0.000000 1.137874 -0.650463
0.000000 -0.247468 -1.155891
1.663725 -0.468166 -0.682479
1.663724 1.137874 -0.650463
1.663725 -0.468166 -0.682479
1.646458 -0.273072 -1.290253
0.350012 -0.273072 -1.290253
1.646457 0.878629 -1.290253
1.646458 -0.273072 -1.290253
0.350012 -0.273072 -1.290253
0.350012 0.878629 -1.290253
0.350012 0.878629 -3.305673
0.350012 -0.273072 -3.305673
1.646458 -0.273072 -3.305673
1.646457 0.878629 -3.305673
0.350012 -0.273072 -3.305673
1.646458 -0.273072 -3.305673
0.644482 0.500855 3.633221
0.644482 -0.155952 3.633221
0.644482 -0.155952 3.633221
0.350012 0.878629 -3.305673
0.350012 -0.273072 -3.305673
1.646457 0.878629 -3.305673
1.646458 -0.273072 -3.305673
0.350012 -0.273072 -3.305673
1.646458 -0.273072 -3.305673
0.414834 0.869030 -3.507215
0.414834 -0.167501 -3.507215
1.581635 0.869030 -3.507215
1.581635 -0.167501 -3.507215
0.414834 -0.167501 -3.507215
1.581635 -0.167501 -3.507215
0.414834 -0.167501 -3.910299
0.414834 0.869030 -3.910299
1.581635 0.869030 -3.910299
1.581635 -0.167501 -3.910299
0.414834 -0.167501 -3.910299
1.581635 -0.167501 -3.910299
0.414834 -0.167501 -3.910299
0.414834 0.869030 -3.910299
1.581635 0.869030 -3.910299
1.581635 -0.167501 -3.910299
0.414834 -0.167501 -3.910299
1.581635 -0.167501 -3.910299
0.414834 0.869030 -3.910299
0.414834 -0.167501 -3.910299
1.581635 0.869030 -3.910299
1.581635 -0.167501 -3.910299
0.414834 -0.167501 -3.910299
1.581635 -0.167501 -3.910299
0.302109 -0.167080 -4.783647
0.302109 1.069729 -4.783647
1.694360 1.069730 -4.783647
1.694360 -0.167080 -4.783647
0.302109 -0.167080 -4.783647
1.694360 -0.167080 -4.783647
0.302109 1.069729 -4.783647
0.302109 -0.167080 -4.783647
1.694360 1.069730 -4.783647
1.694360 -0.167080 -4.783647
0.302109 -0.167080 -4.783647
1.694360 -0.167080 -4.783647
0.510947 0.889548 -7.336511
0.510947 -0.144421 -6.747509
1.485522 0.889548 -7.336511
1.485523 -0.144421 -6.747509
0.510947 -0.144421 -6.747509
1.485523 -0.144421 -6.747509
0.510947 -1.600261 -7.180926
1.485523 -1.600261 -7.180926
0.510947 -1.600261 -7.180926
1.485523 -1.600261 -7.180926
1.485523 -1.600261 -7.347625
0.510947 -1.600261 -7.347625
0.510947 -1.600261 -7.347625
1.485523 -1.600261 -7.347625
2.657076 0.560042 0.359540
1.888631 0.730275 0.309828
2.657076 -0.078443 0.359540
1.888631 -0.018113 0.309828
2.657076 -0.078443 0.359540
2.155137 0.460210 -1.492119
2.479405 0.358070 -1.462291
2.155137 0.011177 -1.492119
2.479405 -0.025021 -1.462291
2.479405 -0.025021 -1.462291
2.155137 0.608340 -1.693661
2.479405 0.456484 -1.663833
2.479405 -0.113076 -1.663833
2.155137 -0.059258 -1.693661
2.479405 -0.113076 -1.663833
2.155137 0.476305 -2.634190
2.479405 0.368763 -2.604362
2.155137 0.003524 -2.634190
2.479405 -0.034589 -2.604362
2.479405 -0.034589 -2.604362
-1.663725 -0.608823 2.036763
-1.663724 0.869152 2.036763
-0.000000 -0.368496 3.246015
-1.663725 -0.340100 3.380376
-1.663725 0.600429 3.380376
-1.663725 -0.340100 3.380376
-1.544794 -0.657441 1.334077
-1.544793 0.869152 1.364957
-1.544794 -0.657441 1.334077
-1.584437 -0.657441 0.646263
-1.584437 0.869152 0.677142
-1.584437 -0.657441 0.646263
-1.663725 -0.535347 -0.010673
-1.663724 1.070694 0.021344
-1.663725 -0.535347 -0.010673
-2.079656 -0.277398 3.313196
-2.079656 0.475025 3.313196
-2.079656 -0.277398 3.313196
-2.412401 -0.113505 2.858939
-2.412401 -0.113505 2.858939
-2.412401 0.531430 2.858939
-1.732552 -0.020549 1.889573
-1.732552 0.735399 1.889573
-2.508760 -0.081489 1.939787
-2.508760 -0.081489 1.939787
-2.508760 0.563446 1.939787
-2.629133 0.529407 0.559274
-2.629133 -0.051033 0.559274
-2.629133 -0.051033 0.559274
-1.930546 0.684165 0.514081
-1.930546 0.003812 0.514081
-1.663725 -0.468166 -0.682479
-1.663724 1.137874 -0.650463
-1.663725 -0.468166 -0.682479
-1.646458 -0.273072 -1.290253
-0.350012 -0.273072 -1.290253
-1.646457 0.878629 -1.290253
-1.646458 -0.273072 -1.290253
-0.350012 -0.273072 -1.290253
-0.350012 0.878629 -1.290253
-0.350012 0.878629 -3.305673
-0.350012 -0.273072 -3.305673
-1.646458 -0.273072 -3.305673
-1.646457 0.878629 -3.305673
-0.350012 -0.273072 -3.305673
-1.646458 -0.273072 -3.305673
-0.644482 0.500855 3.633221
-0.644482 -0.155952 3.633221
-0.644482 -0.155952 3.633221
-0.350012 0.878629 -3.305673
-0.350012 -0.273072 -3.305673
-1.646457 0.878629 -3.305673
-1.646458 -0.273072 -3.305673
-0.350012 -0.273072 -3.305673
-1.646458 -0.273072 -3.305673
-0.414834 0.869030 -3.507215
-0.414834 -0.167501 -3.507215
-1.581635 0.869030 -3.507215
-1.581635 -0.167501 -3.507215
-0.414834 -0.167501 -3.507215
-1.581635 -0.167501 -3.507215
-0.414834 -0.167501 -3.910299
-0.414834 0.869030 -3.910299
-1.581635 0.869030 -3.910299
-1.581635 -0.167501 -3.910299
-0.414834 -0.167501 -3.910299
-1.581635 -0.167501 -3.910299
-0.414834 -0.167501 -3.910299
-0.414834 0.869030 -3.910299
-1.581635 0.869030 -3.910299
-1.581635 -0.167501 -3.910299
-0.414834 -0.167501 -3.910299
-1.581635 -0.167501 -3.910299
-0.414834 0.869030 -3.910299
-0.414834 -0.167501 -3.910299
-1.581635 0.869030 -3.910299
-1.581635 -0.167501 -3.910299
-0.414834 -0.167501 -3.910299
-1.581635 -0.167501 -3.910299
-0.302109 -0.167080 -4.783647
-0.302109 1.069729 -4.783647
-1.694360 1.069730 -4.783647
-1.694360 -0.167080 -4.783647
-0.302109 -0.167080 -4.783647
-1.694360 -0.167080 -4.783647
-0.302109 1.069729 -4.783647
-0.302109 -0.167080 -4.783647
-1.694360 1.069730 -4.783647
-1.694360 -0.167080 -4.783647
-0.302109 -0.167080 -4.783647
-1.694360 -0.167080 -4.783647
-0.510947 0.889548 -7.336511
-0.510947 -0.144421 -6.747509
-1.485522 0.889548 -7.336511
-1.485523 -0.144421 -6.747509
-0.510947 -0.144421 -6.747509
-1.485523 -0.144421 -6.747509
-0.510947 -1.600261 -7.180926
-1.485523 -1.600261 -7.180926
-0.510947 -1.600261 -7.180926
-1.485523 -1.600261 -7.180926
-1.485523 -1.600261 -7.347625
-0.510947 -1.600261 -7.347625
-0.510947 -1.600261 -7.347625
-1.485523 -1.600261 -7.347625
-2.657076 0.560042 0.359540
-1.888631 0.730275 0.309828
-2.657076 -0.078443 0.359540
-1.888631 -0.018113 0.309828
-2.657076 -0.078443 0.359540
-2.155137 0.460210 -1.492119
-2.479405 0.358070 -1.462291
-2.155137 0.011177 -1.492119
-2.479405 -0.025021 -1.462291
-2.479405 -0.025021 -1.462291
-2.155137 0.608340 -1.693661
-2.479405 0.456484 -1.663833
-2.479405 -0.113076 -1.663833
-2.155137 -0.059258 -1.693661
-2.479405 -0.113076 -1.663833
-2.155137 0.476305 -2.634190
-2.479405 0.368763 -2.604362
-2.155137 0.003524 -2.634190
-2.479405 -0.034589 -2.604362
-2.479405 -0.034589 -2.604362
0.644482 0.500855 3.633221
0.644482 -0.155952 3.633221
0.644482 -0.155952 3.633221
-0.644482 0.500855 3.633221
-0.644482 -0.155952 3.633221
-0.644482 -0.155952 3.633221
0.644482 0.500855 4.036305
0.644482 -0.194306 3.761437
0.644482 -0.194306 3.761437
-0.644482 0.500855 4.036305
-0.644482 -0.194306 3.761437
-0.644482 -0.194306 3.761437
0.831862 0.869151 2.036763
-0.000000 0.763185 2.641389
0.831862 -0.608823 2.036763
1.663724 0.130164 2.036763
1.663725 -0.474461 2.708570
1.663724 0.734790 2.708570
0.831862 0.628824 3.313196
1.663725 0.130164 3.380376
1.663725 -0.340100 3.380376
1.604259 -0.633132 1.685420
1.544794 -0.657441 1.334077
0.772397 -0.657441 1.334077
1.604259 0.869152 1.700860
1.544793 0.105855 1.349517
0.772397 0.869151 1.364957
0.000000 0.869151 1.700860
0.000000 0.869151 1.029053
0.792219 0.869151 0.685146
1.564615 0.869152 1.021049
0.792219 -0.657441 0.654267
1.564616 -0.657441 0.990170
1.584437 0.105856 0.661702
1.564616 -0.657441 0.990170
1.584437 -0.657441 0.646263
1.624081 -0.596394 0.317795
1.663725 -0.535347 -0.010673
1.624081 -0.596394 0.317795
0.831862 -0.535347 -0.010673
1.624081 0.969923 0.349243
1.663724 0.267673 0.005335
0.831862 1.070693 0.021344
0.000000 0.969922 0.357247
1.871691 -0.308749 3.346786
2.079656 -0.277398 3.313196
1.871691 -0.308749 3.346786
1.871690 0.537727 3.346786
2.079656 0.098813 3.313196
1.871690 -0.443110 2.674979
1.871690 -0.443110 2.674979
1.604259 -0.633132 1.685420
1.663725 -0.474461 2.708570
1.871690 0.672088 2.674979
2.246028 -0.195451 3.086067
2.412401 -0.113505 2.858939
2.246028 -0.195451 3.086067
2.246028 0.503227 3.086067
2.412401 0.208963 2.858939
1.698139 -0.314686 1.963168
1.732552 0.357425 1.889573
1.698138 0.802275 1.963168
2.460580 -0.097497 2.399363
2.508760 -0.081489 1.939787
2.460580 -0.097497 2.399363
2.460580 0.547437 2.399363
2.508760 0.240978 1.939787
2.120656 -0.051019 1.914680
2.120656 -0.051019 1.914680
2.120656 0.649422 1.914680
2.568946 0.546426 1.249531
2.279839 0.606786 0.536678
1.831549 0.709782 1.201827
1.831549 -0.008368 1.201827
2.279839 -0.023611 0.536678
2.568946 -0.066261 1.249531
2.568946 -0.066261 1.249531
2.279839 -0.023611 0.536678
2.629133 0.239187 0.559274
2.629133 -0.051033 0.559274
1.930546 0.343989 0.514081
0.000000 1.104284 -0.314559
0.000000 0.445203 -0.903177
0.831862 1.137874 -0.650463
1.663724 1.104284 -0.314559
0.831862 -0.357817 -0.919185
1.663725 -0.501756 -0.346576
1.663724 0.334854 -0.666471
1.663725 -0.501756 -0.346576
1.663725 -0.468166 -0.682479
1.655091 -0.370619 -0.986366
1.646458 -0.273072 -1.290253
1.655091 -0.370619 -0.986366
0.998235 -0.273072 -1.290253
0.350012 -0.273072 -1.290253
0.175006 -0.260270 -1.223072
1.655091 1.008252 -0.970358
1.646458 0.302779 -1.290253
0.998235 -0.273072 -1.290253
0.998235 0.878629 -1.290253
0.175006 1.008251 -0.970358
0.350012 0.302779 -1.290253
0.350012 0.878629 -2.297963
0.350012 0.302779 -3.305673
0.350012 -0.273072 -2.297963
0.998235 0.878629 -3.305673
1.646457 0.878629 -2.297963
0.998235 -0.273072 -3.305673
1.646458 -0.273072 -2.297963
1.646458 0.302779 -3.305673
0.350012 -0.273072 -2.297963
0.350012 -0.273072 -3.305673
1.646458 -0.273072 -2.297963
0.998235 -0.273072 -3.305673
1.646458 -0.273072 -3.305673
0.322241 0.579037 3.439618
0.644482 0.172451 3.633221
0.644482 -0.155952 3.633221
1.154103 0.550642 3.506799
1.154104 -0.248026 3.506799
1.154104 -0.248026 3.506799
0.350012 0.878629 -3.305673
0.350012 0.302779 -3.305673
0.350012 -0.273072 -3.305673
0.998235 0.878629 -3.305673
1.646457 0.878629 -3.305673
0.998235 -0.273072 -3.305673
1.646458 -0.273072 -3.305673
1.646458 0.302779 -3.305673
0.350012 -0.273072 -3.305673
0.350012 -0.273072 -3.305673
0.998235 -0.273072 -3.305673
1.646458 -0.273072 -3.305673
1.646458 -0.273072 -3.305673
0.382423 0.873829 -3.406444
0.414834 0.350764 -3.507215
0.382423 -0.220287 -3.406444
0.998235 0.869030 -3.507215
1.614046 0.873830 -3.406444
0.998235 -0.167501 -3.507215
1.614047 -0.220286 -3.406444
1.581635 0.350764 -3.507215
0.414834 -0.167501 -3.507215
0.382423 -0.220287 -3.406444
0.998235 -0.167501 -3.507215
1.614047 -0.220286 -3.406444
1.581635 -0.167501 -3.507215
0.414834 0.869030 -3.708757
0.414834 0.350764 -3.910299
0.414834 -0.167501 -3.708757
0.998235 0.869030 -3.910299
1.581635 0.869030 -3.708757
0.998235 -0.167501 -3.910299
1.581635 -0.167501 -3.708757
1.581635 0.350764 -3.910299
0.414834 -0.167501 -3.910299
0.414834 -0.167501 -3.708757
0.998235 -0.167501 -3.910299
1.581635 -0.167501 -3.708757
1.581635 -0.167501 -3.910299
0.414834 0.869030 -3.910299
0.414834 0.350764 -3.910299
0.414834 -0.167501 -3.910299
0.998235 0.869030 -3.910299
1.581635 0.869030 -3.910299
0.998235 -0.167501 -3.910299
1.581635 -0.167501 -3.910299
1.581635 0.350764 -3.910299
0.414834 -0.167501 -3.910299
0.414834 -0.167501 -3.910299
0.998235 -0.167501 -3.910299
1.581635 -0.167501 -3.910299
1.581635 -0.167501 -3.910299
0.414834 0.869030 -3.910299
0.414834 0.350764 -3.910299
0.414834 -0.167501 -3.910299
0.998235 0.869030 -3.910299
1.581635 0.869030 -3.910299
0.998235 -0.167501 -3.910299
1.581635 -0.167501 -3.910299
1.581635 0.350764 -3.910299
0.414834 -0.167501 -3.910299
0.414834 -0.167501 -3.910299
0.998235 -0.167501 -3.910299
1.581635 -0.167501 -3.910299
1.581635 -0.167501 -3.910299
0.358472 0.969379 -4.346973
0.302109 0.451325 -4.783647
0.358472 -0.167291 -4.346973
0.998235 1.069730 -4.783647
1.637997 0.969380 -4.346973
0.998235 -0.167080 -4.783647
1.637998 -0.167291 -4.346973
1.694360 0.451325 -4.783647
0.302109 -0.167080 -4.783647
0.358472 -0.167291 -4.346973
0.998235 -0.167080 -4.783647
1.637998 -0.167291 -4.346973
1.694360 -0.167080 -4.783647
0.302109 1.069729 -4.783647
0.302109 0.451325 -4.783647
0.302109 -0.167080 -4.783647
0.998235 1.069730 -4.783647
1.694360 1.069730 -4.783647
0.998235 -0.167080 -4.783647
1.694360 -0.167080 -4.783647
1.694360 0.451325 -4.783647
0.302109 -0.167080 -4.783647
0.302109 -0.167080 -4.783647
0.998235 -0.167080 -4.783647
1.694360 -0.167080 -4.783647
1.694360 -0.167080 -4.783647
0.406528 0.979639 -6.060079
0.510947 0.372564 -7.042011
0.406528 -0.155750 -5.765577
0.998235 0.889548 -7.336511
1.589941 0.979639 -6.060079
0.998235 -0.144421 -6.747509
1.589941 -0.155750 -5.765577
1.485522 0.372564 -7.042011
0.510947 -0.144421 -6.747509
0.406528 -0.155750 -5.765577
0.998235 -0.144421 -6.747509
1.589941 -0.155750 -5.765577
1.485523 -0.144421 -6.747509
0.510947 -0.872341 -6.964218
0.998235 -1.600261 -7.180926
1.485523 -0.872341 -6.964218
0.510947 -1.600261 -7.180926
0.510947 -0.872341 -6.964218
0.998235 -1.600261 -7.180926
1.485523 -0.872341 -6.964218
1.485523 -1.600261 -7.180926
0.510947 -1.600261 -7.264275
0.998235 -1.600261 -7.347625
1.485523 -1.600261 -7.264275
0.510947 -1.600261 -7.347625
0.510947 -1.600261 -7.264275
0.998235 -1.600261 -7.347625
1.485523 -1.600261 -7.264275
1.485523 -1.600261 -7.347625
0.510947 -0.355356 -7.342068
0.510947 -0.355356 -7.342068
1.485522 -0.355356 -7.342068
1.485522 -0.355356 -7.342068
2.643104 0.544725 0.459407
2.272853 0.645159 0.334684
1.909588 0.707220 0.411955
2.643104 -0.064738 0.459407
2.272853 -0.048278 0.334684
1.909588 -0.007150 0.411955
2.643104 -0.064738 0.459407
2.272853 -0.048278 0.334684
2.657076 0.240799 0.359540
2.657076 -0.078443 0.359540
1.888631 0.356081 0.309828
2.568241 0.459056 -0.551376
2.317271 0.409140 -1.477205
2.021884 0.595243 -0.591146
2.568241 -0.051732 -0.551376
2.317271 -0.006922 -1.477205
2.021884 -0.003468 -0.591146
2.568241 -0.051732 -0.551376
2.317271 -0.006922 -1.477205
2.479405 0.166524 -1.462291
2.479405 -0.025021 -1.462291
2.155137 0.235694 -1.492119
2.479405 0.407277 -1.563062
2.317271 0.532412 -1.678747
2.155137 0.534275 -1.592890
2.479405 -0.069048 -1.563062
2.317271 -0.086167 -1.678747
2.155137 -0.024040 -1.592890
2.479405 -0.069048 -1.563062
2.317271 -0.086167 -1.678747
2.479405 0.171704 -1.663833
2.479405 -0.113076 -1.663833
2.155137 0.274541 -1.693661
2.479405 0.412623 -2.134098
2.317271 0.422534 -2.619277
2.155137 0.542323 -2.163925
2.479405 -0.073832 -2.134098
2.317271 -0.015532 -2.619277
2.155137 -0.027867 -2.163925
2.479405 -0.073832 -2.134098
2.317271 -0.015532 -2.619277
2.479405 0.167087 -2.604362
2.479405 -0.034589 -2.604362
2.155137 0.239915 -2.634190
-1.663724 0.130164 2.036763
-1.663725 -0.474461 2.708570
-1.663724 0.734790 2.708570
-0.831863 -0.354298 3.313196
-1.663725 0.130164 3.380376
-1.663725 -0.340100 3.380376
-1.604259 -0.633132 1.685420
-1.544794 -0.657441 1.334077
-1.604259 0.869152 1.700860
-1.544793 0.105855 1.349517
-1.564615 0.869152 1.021049
-1.564616 -0.657441 0.990170
-1.584437 0.105856 0.661702
-1.564616 -0.657441 0.990170
-1.584437 -0.657441 0.646263
-1.624081 -0.596394 0.317795
-1.663725 -0.535347 -0.010673
-1.624081 -0.596394 0.317795
-1.624081 0.969923 0.349243
-1.663724 0.267673 0.005335
-1.871691 -0.308749 3.346786
-2.079656 -0.277398 3.313196
-1.871691 -0.308749 3.346786
-1.871690 0.537727 3.346786
-2.079656 0.098813 3.313196
-1.871690 -0.443110 2.674979
-1.871690 -0.443110 2.674979
-1.604259 -0.633132 1.685420
-1.663725 -0.474461 2.708570
-1.871690 0.672088 2.674979
-2.246028 -0.195451 3.086067
-2.412401 -0.113505 2.858939
-2.246028 -0.195451 3.086067
-2.246028 0.503227 3.086067
-2.412401 0.208963 2.858939
-1.698139 -0.314686 1.963168
-1.732552 0.357425 1.889573
-1.698138 0.802275 1.963168
-2.460580 -0.097497 2.399363
-2.508760 -0.081489 1.939787
-2.460580 -0.097497 2.399363
-2.460580 0.547437 2.399363
-2.508760 0.240978 1.939787
-2.120656 -0.051019 1.914680
-2.120656 -0.051019 1.914680
-2.120656 0.649422 1.914680
-2.568946 0.546426 1.249531
-2.279839 0.606786 0.536678
-1.831549 0.709782 1.201827
-1.831549 -0.008368 1.201827
-2.279839 -0.023611 0.536678
-2.568946 -0.066261 1.249531
-2.568946 -0.066261 1.249531
-2.279839 -0.023611 0.536678
-2.629133 0.239187 0.559274
-2.629133 -0.051033 0.559274
-1.930546 0.343989 0.514081
-1.663724 1.104284 -0.314559
-1.663725 -0.501756 -0.346576
-1.663724 0.334854 -0.666471
-1.663725 -0.501756 -0.346576
-1.663725 -0.468166 -0.682479
-1.655091 -0.370619 -0.986366
-1.646458 -0.273072 -1.290253
-1.655091 -0.370619 -0.986366
-0.998235 -0.273072 -1.290253
-0.350012 -0.273072 -1.290253
-1.655091 1.008252 -0.970358
-1.646458 0.302779 -1.290253
-0.998235 -0.273072 -1.290253
-0.998235 0.878629 -1.290253
-0.350012 0.302779 -1.290253
-0.350012 0.878629 -2.297963
-0.350012 0.302779 -3.305673
-0.350012 -0.273072 -2.297963
-0.998235 0.878629 -3.305673
-1.646457 0.878629 -2.297963
-0.998235 -0.273072 -3.305673
-1.646458 -0.273072 -2.297963
-1.646458 0.302779 -3.305673
-0.350012 -0.273072 -2.297963
-0.350012 -0.273072 -3.305673
-1.646458 -0.273072 -2.297963
-0.998235 -0.273072 -3.305673
-1.646458 -0.273072 -3.305673
-0.644482 0.172451 3.633221
-0.322241 -0.262224 3.439618
-0.644482 -0.155952 3.633221
-1.154103 0.550642 3.506799
-1.154104 -0.248026 3.506799
-1.154104 -0.248026 3.506799
-0.350012 0.878629 -3.305673
-0.350012 0.302779 -3.305673
-0.350012 -0.273072 -3.305673
-0.998235 0.878629 -3.305673
-1.646457 0.878629 -3.305673
-0.998235 -0.273072 -3.305673
-1.646458 -0.273072 -3.305673
-1.646458 0.302779 -3.305673
-0.350012 -0.273072 -3.305673
-0.350012 -0.273072 -3.305673
-0.998235 -0.273072 -3.305673
-1.646458 -0.273072 -3.305673
-1.646458 -0.273072 -3.305673
-0.382423 0.873829 -3.406444
-0.414834 0.350764 -3.507215
-0.382423 -0.220287 -3.406444
-0.998235 0.869030 -3.507215
-1.614046 0.873830 -3.406444
-0.998235 -0.167501 -3.507215
-1.614047 -0.220286 -3.406444
-1.581635 0.350764 -3.507215
-0.414834 -0.167501 -3.507215
-0.382423 -0.220287 -3.406444
-0.998235 -0.167501 -3.507215
-1.614047 -0.220286 -3.406444
-1.581635 -0.167501 -3.507215
-0.414834 0.869030 -3.708757
-0.414834 0.350764 -3.910299
-0.414834 -0.167501 -3.708757
-0.998235 0.869030 -3.910299
-1.581635 0.869030 -3.708757
-0.998235 -0.167501 -3.910299
-1.581635 -0.167501 -3.708757
-1.581635 0.350764 -3.910299
-0.414834 -0.167501 -3.910299
-0.414834 -0.167501 -3.708757
-0.998235 -0.167501 -3.910299
-1.581635 -0.167501 -3.708757
-1.581635 -0.167501 -3.910299
-0.414834 0.869030 -3.910299
-0.414834 0.350764 -3.910299
-0.414834 -0.167501 -3.910299
-0.998235 0.869030 -3.910299
-1.581635 0.869030 -3.910299
-0.998235 -0.167501 -3.910299
-1.581635 -0.167501 -3.910299
-1.581635 0.350764 -3.910299
-0.414834 -0.167501 -3.910299
-0.414834 -0.167501 -3.910299
-0.998235 -0.167501 -3.910299
-1.581635 -0.167501 -3.910299
-1.581635 -0.167501 -3.910299
-0.414834 0.869030 -3.910299
-0.414834 0.350764 -3.910299
-0.414834 -0.167501 -3.910299
-0.998235 0.869030 -3.910299
-1.581635 0.869030 -3.910299
-0.998235 -0.167501 -3.910299
-1.581635 -0.167501 -3.910299
-1.581635 0.350764 -3.910299
-0.414834 -0.167501 -3.910299
-0.414834 -0.167501 -3.910299
-0.998235 -0.167501 -3.910299
-1.581635 -0.167501 -3.910299
-1.581635 -0.167501 -3.910299
-0.358472 0.969379 -4.346973
-0.302109 0.451325 -4.783647
-0.358472 -0.167291 -4.346973
-0.998235 1.069730 -4.783647
-1.637997 0.969380 -4.346973
-0.998235 -0.167080 -4.783647
-1.637998 -0.167291 -4.346973
-1.694360 0.451325 -4.783647
-0.302109 -0.167080 -4.783647
-0.358472 -0.167291 -4.346973
-0.998235 -0.167080 -4.783647
-1.637998 -0.167291 -4.346973
-1.694360 -0.167080 -4.783647
-0.302109 1.069729 -4.783647
-0.302109 0.451325 -4.783647
-0.302109 -0.167080 -4.783647
-0.998235 1.069730 -4.783647
-1.694360 1.069730 -4.783647
-0.998235 -0.167080 -4.783647
-1.694360 -0.167080 -4.783647
-1.694360 0.451325 -4.783647
-0.302109 -0.167080 -4.783647
-0.302109 -0.167080 -4.783647
-0.998235 -0.167080 -4.783647
-1.694360 -0.167080 -4.783647
-1.694360 -0.167080 -4.783647
-0.406528 0.979639 -6.060079
-0.510947 0.372564 -7.042011
-0.406528 -0.155750 -5.765577
-0.998235 0.889548 -7.336511
-1.589941 0.979639 -6.060079
-0.998235 -0.144421 -6.747509
-1.589941 -0.155750 -5.765577
-1.485522 0.372564 -7.042011
-0.510947 -0.144421 -6.747509
-0.406528 -0.155750 -5.765577
-0.998235 -0.144421 -6.747509
-1.589941 -0.155750 -5.765577
-1.485523 -0.144421 -6.747509
-0.510947 -0.872341 -6.964218
-0.998235 -1.600261 -7.180926
-1.485523 -0.872341 -6.964218
-0.510947 -1.600261 -7.180926
-0.510947 -0.872341 -6.964218
-0.998235 -1.600261 -7.180926
-1.485523 -0.872341 -6.964218
-1.485523 -1.600261 -7.180926
-0.510947 -1.600261 -7.264275
-0.998235 -1.600261 -7.347625
-1.485523 -1.600261 -7.264275
-0.510947 -1.600261 -7.347625
-0.510947 -1.600261 -7.264275
-0.998235 -1.600261 -7.347625
-1.485523 -1.600261 -7.264275
-1.485523 -1.600261 -7.347625
-0.510947 -0.355356 -7.342068
-0.510947 -0.355356 -7.342068
-1.485522 -0.355356 -7.342068
-1.485522 -0.355356 -7.342068
-2.643104 0.544725 0.459407
-2.272853 0.645159 0.334684
-1.909588 0.707220 0.411955
-2.643104 -0.064738 0.459407
-2.272853 -0.048278 0.334684
-1.909588 -0.007150 0.411955
-2.643104 -0.064738 0.459407
-2.272853 -0.048278 0.334684
-2.657076 0.240799 0.359540
-2.657076 -0.078443 0.359540
-1.888631 0.356081 0.309828
-2.568241 0.459056 -0.551376
-2.317271 0.409140 -1.477205
-2.021884 0.595243 -0.591146
-2.568241 -0.051732 -0.551376
-2.317271 -0.006922 -1.477205
-2.021884 -0.003468 -0.591146
-2.568241 -0.051732 -0.551376
-2.317271 -0.006922 -1.477205
-2.479405 0.166524 -1.462291
-2.479405 -0.025021 -1.462291
-2.155137 0.235694 -1.492119
-2.479405 0.407277 -1.563062
-2.317271 0.532412 -1.678747
-2.155137 0.534275 -1.592890
-2.479405 -0.069048 -1.563062
-2.317271 -0.086167 -1.678747
-2.155137 -0.024040 -1.592890
-2.479405 -0.069048 -1.563062
-2.317271 -0.086167 -1.678747
-2.479405 0.171704 -1.663833
-2.479405 -0.113076 -1.663833
-2.155137 0.274541 -1.693661
-2.479405 0.412623 -2.134098
-2.317271 0.422534 -2.619277
-2.155137 0.542323 -2.163925
-2.479405 -0.073832 -2.134098
-2.317271 -0.015532 -2.619277
-2.155137 -0.027867 -2.163925
-2.479405 -0.073832 -2.134098
-2.317271 -0.015532 -2.619277
-2.479405 0.167087 -2.604362
-2.479405 -0.034589 -2.604362
-2.155137 0.239915 -2.634190
-0.322241 -0.262224 3.439618
-0.322241 0.579037 3.439618
-0.175006 1.008251 -0.970358
-0.175006 -0.260270 -1.223072
-0.175006 -0.260270 -1.223072
-0.831862 -0.357817 -0.919185
0.000000 -0.391408 -0.583282
-0.831862 -0.357817 -0.919185
-0.831862 1.137874 -0.650463
-0.831862 -0.608823 2.036763
-0.831862 1.070693 0.021344
-0.831862 -0.535347 -0.010673
0.000000 -0.596394 0.325799
-0.831862 -0.535347 -0.010673
-0.792219 -0.657441 0.654267
0.000000 -0.657441 0.998174
-0.792219 -0.657441 0.654267
-0.792219 0.869151 0.685146
-0.772397 0.869151 1.364957
-0.772397 -0.657441 1.334077
0.000000 -0.633132 1.685420
-0.772397 -0.657441 1.334077
-0.831863 -0.354298 3.313196
-0.000000 -0.488660 2.641389
-0.831862 0.628824 3.313196
-0.831862 0.869151 2.036763
0.322241 -0.262224 3.439618
0.322241 -0.262224 3.439618
0.175006 -0.260270 -1.223072
0.831862 -0.357817 -0.919185
0.831862 -0.535347 -0.010673
0.792219 -0.657441 0.654267
0.772397 -0.657441 1.334077
0.831862 -0.354298 3.313196
0.831862 -0.354298 3.313196
0.644482 0.500855 3.633221
0.644482 0.172451 3.633221
0.644482 -0.155952 3.633221
0.644482 -0.155952 3.633221
0.644482 -0.155952 3.633221
-0.644482 0.500855 3.633221
-0.644482 0.172451 3.633221
-0.644482 -0.155952 3.633221
-0.644482 -0.155952 3.633221
-0.644482 -0.155952 3.633221
0.644482 0.500855 3.834763
0.644482 0.153274 3.898871
0.644482 -0.175129 3.697329
0.644482 -0.194306 3.761437
0.644482 -0.175129 3.697329
-0.644482 0.500855 3.834763
-0.644482 0.153274 3.898871
-0.644482 -0.175129 3.697329
-0.644482 -0.194306 3.761437
-0.644482 -0.175129 3.697329
0.000000 0.500855 4.036305
-0.000000 0.188359 5.122327
-0.326641 0.513391 5.122327
-0.176777 0.613527 5.122327
-0.000000 0.648690 5.122327
0.176777 0.613527 5.122327
0.326641 0.513391 5.122327
0.426777 0.363527 5.122327
0.461940 0.186751 5.122327
0.426777 0.009974 5.122327
0.326641 -0.139890 5.122327
0.176777 -0.231427 5.122327
0.000000 -0.266650 5.122327
-0.176777 -0.231427 5.122327
-0.326641 -0.139890 5.122327
-0.426777 0.009974 5.122327
-0.461940 0.186751 5.122327
-0.426777 0.363527 5.122327
-0.489961 0.675908 5.122327
-0.265165 0.826111 5.122327
-0.000000 0.878856 5.122327
0.265165 0.826111 5.122327
0.489961 0.675908 5.122327
0.640165 0.451111 5.122327
0.692910 0.185946 5.122327
0.640165 -0.079219 5.122327
0.489961 -0.304015 5.122327
0.265165 -0.441320 5.122327
0.000000 -0.494154 5.122327
-0.265165 -0.441320 5.122327
-0.489961 -0.304015 5.122327
-0.640165 -0.079219 5.122327
-0.692910 0.185946 5.122327
-0.640165 0.451111 5.122327
-0.163320 0.350875 5.122327
-0.088388 0.400943 5.122327
-0.000000 0.418525 5.122327
0.088388 0.400943 5.122327
0.163320 0.350875 5.122327
0.213388 0.275943 5.122327
0.230970 0.187555 5.122327
0.213388 0.099167 5.122327
0.163320 0.024235 5.122327
0.088388 -0.021534 5.122327
0.000000 -0.039145 5.122327
-0.088388 -0.021534 5.122327
-0.163320 0.024235 5.122327
-0.213388 0.099167 5.122327
-0.230970 0.187555 5.122327
-0.213388 0.275943 5.122327
-0.244981 0.432133 5.122327
-0.081660 0.269617 5.122327
-0.044194 0.294651 5.122327
-0.132583 0.507235 5.122327
-0.000000 0.533608 5.122327
-0.000000 0.303442 5.122327
0.044194 0.294651 5.122327
0.132583 0.507235 5.122327
0.081660 0.269617 5.122327
0.244981 0.432133 5.122327
0.106694 0.232151 5.122327
0.320083 0.319735 5.122327
0.346455 0.187153 5.122327
0.115485 0.187957 5.122327
0.320083 0.054570 5.122327
0.106694 0.143763 5.122327
0.081660 0.106297 5.122327
0.244981 -0.057828 5.122327
0.044194 0.083413 5.122327
0.132583 -0.126480 5.122327
0.000000 -0.152897 5.122327
0.000000 0.074607 5.122327
-0.132583 -0.126480 5.122327
-0.044194 0.083413 5.122327
-0.244981 -0.057828 5.122327
-0.081660 0.106297 5.122327
-0.320083 0.054570 5.122327
-0.106694 0.143763 5.122327
-0.346455 0.187153 5.122327
-0.115485 0.187957 5.122327
-0.320083 0.319735 5.122327
-0.106694 0.232151 5.122327
-0.122490 0.310246 5.122327
-0.040830 0.228988 5.122327
-0.066291 0.347797 5.122327
-0.022097 0.241505 5.122327
-0.000000 0.245901 5.122327
-0.000000 0.360983 5.122327
0.066291 0.347797 5.122327
0.022097 0.241505 5.122327
0.122490 0.310246 5.122327
0.040830 0.228988 5.122327
0.160041 0.254047 5.122327
0.053347 0.210255 5.122327
0.057742 0.188158 5.122327
0.173227 0.187756 5.122327
0.160041 0.121465 5.122327
0.053347 0.166061 5.122327
0.040830 0.147328 5.122327
0.122490 0.065266 5.122327
0.022097 0.135886 5.122327
0.066291 0.030939 5.122327
0.000000 0.017731 5.122327
0.000000 0.131483 5.122327
-0.022097 0.135886 5.122327
-0.066291 0.030939 5.122327
-0.040830 0.147328 5.122327
-0.122490 0.065266 5.122327
-0.053347 0.166061 5.122327
-0.160041 0.121465 5.122327
-0.057742 0.188158 5.122327
-0.173227 0.187756 5.122327
-0.053347 0.210255 5.122327
-0.160041 0.254047 5.122327
-0.020415 0.208674 5.122327
-0.011049 0.214932 5.122327
-0.000000 0.217130 5.122327
0.011049 0.214932 5.122327
0.020415 0.208674 5.122327
0.026674 0.199307 5.122327
0.028871 0.188259 5.122327
0.026674 0.177210 5.122327
0.020415 0.167844 5.122327
0.011049 0.162123 5.122327
0.000000 0.159921 5.122327
-0.011049 0.162123 5.122327
-0.020415 0.167844 5.122327
-0.026674 0.177210 5.122327
-0.028871 0.188259 5.122327
-0.026674 0.199307 5.122327
